Parameters for this run: 
MM = 8.000000 
t_end = 1.000000 
factor = 0.960000 
dtout = 0.500000 
D = 0.100000 
a = 0.000000 
b = 1.000000 
